trop 1356 1204 213 179 179
stand 2104 1688 649 0 179
vor 2140 1684 112 179 179
tree 2136 1672 125 0 179
stand 2152 1688 653 0 179
tree 2184 1688 125 0 179
tree 2088 1704 123 0 179
tree 2088 1720 123 0 179
vor 2148 1724 125 179 179
vor 2108 1732 32 179 179
stand 2104 1752 654 0 179
tree 2104 1768 123 0 179
dom 1280 2496 28 0 179
dom 1408 2624 30 0 179
dom 1472 2624 597 0 179
dom 1312 2720 31 0 179
stand 3656 3128 112 0 179
dom 1184 3136 519 0 179
stand 3640 3192 66 0 179
stand 3736 3176 65 0 179
dom 576 3200 718 0 179
stand 3544 3208 390 0 179
stand 3496 3240 104 0 179
stand 3592 3240 65 0 179
stand 3704 3256 65 0 179
lay 3768 3256 54 0 179
fre 3804 3236 125 179 179
stand 3800 3256 646 0 179
lay 3928 3256 55 0 179
trop 3940 3244 220 179 179
dom 1312 3264 602 0 179
stand 3672 3288 104 0 179
fre 3740 3292 121 179 179
lay 3752 3272 55 0 179
stand 3784 3288 65 0 179
trop 3892 3284 220 179 179
trop 3884 3268 215 179 179
trop 3900 3292 215 179 179
stand 3592 3320 66 0 179
fre 3732 3316 126 179 179
trop 3788 3316 215 179 179
trop 3892 3308 220 179 179
trop 3916 3316 149 179 179
trop 3940 3316 226 179 179
stand 3400 3352 112 0 179
stand 3464 3336 66 0 179
stand 3528 3352 65 0 179
stand 3656 3352 65 0 179
trop 3732 3348 215 179 179
trop 3820 3348 220 179 179
trop 3820 3332 220 179 179
trop 3836 3340 215 179 179
trop 3876 3356 229 179 179
fre 3948 3356 79 179 179
fre 3988 3332 77 179 179
fre 3980 3348 77 179 179
stand 3304 3384 112 0 179
stand 3496 3384 389 0 179
lay 3592 3368 54 0 179
stand 3592 3368 644 0 179
trop 3668 3388 215 179 179
stand 3736 3368 233 0 179
trop 3756 3364 232 179 179
trop 3788 3364 149 179 179
stand 3864 3384 238 0 179
fre 3900 3372 79 179 179
stand 3928 3384 467 0 179
stand 3432 3400 65 0 179
lay 3512 3416 54 0 179
lay 3608 3400 55 0 179
fre 3660 3404 121 179 179
trop 3652 3420 232 179 179
stand 3656 3400 104 0 179
trop 3732 3412 216 179 179
trop 3772 3404 215 179 179
fre 3900 3412 79 179 179
fre 3932 3396 77 179 179
fre 3964 3396 79 179 179
stand 3400 3448 104 0 179
stand 3576 3448 636 0 179
trop 3700 3444 220 179 179
trop 3692 3452 220 179 179
trop 3756 3436 220 179 179
fre 3836 3444 79 179 179
fre 3852 3444 79 179 179
fre 3892 3428 77 179 179
fre 3916 3436 77 179 179
stand 3304 3480 66 0 179
stand 3368 3480 65 0 179
fre 3524 3468 125 179 179
trop 3620 3476 215 179 179
trop 3620 3460 213 179 179
stand 3656 3480 642 0 179
trop 3692 3460 228 179 179
fre 3788 3484 77 179 179
fre 3804 3468 79 179 179
fre 3780 3476 67 179 179
stand 3800 3464 467 0 179
fre 3820 3460 79 179 179
stand 3912 3464 467 0 179
dom 1376 3488 273 0 179
stand 3272 3496 387 0 179
fre 3468 3508 125 179 179
fre 3476 3500 125 179 179
stand 3464 3496 65 0 179
lay 3528 3496 101 0 179
stand 3528 3496 104 0 179
stand 3608 3496 175 0 179
trop 3644 3500 220 179 179
trop 3660 3492 215 179 179
fre 3764 3500 77 179 179
fre 3764 3492 79 179 179
fre 3796 3500 79 179 179
fre 3852 3492 77 179 179
fre 3940 3500 79 179 179
stand 3256 3528 65 0 179
fre 3436 3548 124 179 179
lay 3448 3528 54 0 179
stand 3448 3528 66 0 179
lay 3480 3544 55 0 179
stand 3480 3544 586 0 179
stand 3576 3544 66 0 179
fre 3732 3532 77 179 179
fre 3804 3524 77 179 179
stand 3192 3560 112 0 179
stand 3336 3576 239 0 179
stand 3368 3576 65 0 179
trop 3460 3572 215 179 179
trop 3460 3580 215 179 179
trop 3540 3572 215 179 179
stand 3560 3560 656 0 179
fre 3676 3572 79 179 179
fre 3748 3556 79 179 179
fre 3892 3580 79 179 179
dom 1344 3584 599 0 179
fre 3436 3588 121 179 179
stand 3432 3592 104 0 179
trop 3516 3604 220 179 179
stand 3512 3592 65 0 179
trop 3564 3596 220 179 179
trop 3564 3588 215 179 179
trop 3612 3596 220 179 179
stand 3624 3608 163 0 179
fre 3660 3596 77 179 179
fre 3660 3604 79 179 179
stand 3288 3624 65 0 179
lay 3352 3624 55 0 179
fre 3364 3628 124 179 179
trop 3404 3628 215 179 179
stand 3480 3640 641 0 179
trop 3500 3620 220 179 179
trop 3492 3628 220 179 179
trop 3500 3620 215 179 179
trop 3500 3636 215 179 179
stand 3592 3640 635 0 179
fre 3636 3620 77 179 179
fre 3820 3644 79 179 179
fre 3868 3636 79 179 179
fre 3940 3636 79 179 179
fre 3324 3676 124 179 179
stand 3384 3656 66 0 179
trop 3468 3652 220 179 179
trop 3468 3652 215 179 179
fre 3580 3676 77 179 179
fre 3604 3660 79 179 179
stand 3672 3672 467 0 179
fre 3748 3676 79 179 179
stand 3752 3656 467 0 179
trop 3396 3692 215 179 179
trop 3452 3684 220 179 179
trop 3436 3692 215 179 179
fre 3548 3692 79 179 179
fre 3716 3700 79 179 179
fre 3924 3700 79 179 179
lay 3272 3736 54 0 179
trop 3284 3732 215 179 179
stand 3352 3736 67 0 179
trop 3420 3716 220 179 179
trop 3404 3732 220 179 179
trop 3412 3732 215 179 179
fre 3508 3732 79 179 179
stand 3496 3720 467 0 179
stand 3512 3736 469 0 179
fre 3956 3740 79 179 179
fre 3220 3772 124 179 179
lay 3240 3752 55 0 179
trop 3380 3756 220 179 179
trop 3372 3756 215 179 179
fre 3476 3764 79 179 179
fre 3732 3772 79 179 179
fre 3844 3748 79 179 179
fre 3324 3788 124 179 179
trop 3356 3788 220 179 179
fre 3484 3796 79 179 179
fre 3500 3788 77 179 179
stand 3496 3800 467 0 179
fre 3652 3780 79 179 179
stand 3656 3800 467 0 179
fre 3788 3788 79 179 179
fre 3180 3812 124 179 179
fre 3204 3812 124 179 179
trop 3228 3820 215 179 179
trop 3316 3812 215 179 179
trop 3308 3828 215 179 179
fre 3468 3836 77 179 179
trop 3196 3852 215 179 179
trop 3292 3860 215 179 179
trop 3300 3860 215 179 179
fre 3452 3860 77 179 179
fre 3436 3852 79 179 179
fre 3452 3852 79 179 179
fre 3612 3868 79 179 179
fre 3620 3844 79 179 179
fre 3748 3844 79 179 179
fre 3908 3844 79 179 179
fre 3140 3892 124 179 179
fre 3148 3892 124 179 179
lay 3176 3896 55 0 179
fre 3252 3892 124 179 179
trop 3324 3884 220 179 179
fre 3436 3876 77 179 179
fre 3436 3892 79 179 179
fre 3732 3884 79 179 179
fre 3820 3876 79 179 179
fre 4036 3900 79 179 179
fre 3188 3924 124 179 179
trop 3220 3932 215 179 179
trop 3244 3924 215 179 179
fre 3356 3932 67 179 179
fre 3660 3932 79 179 179
fre 3772 3908 79 179 179
fre 3836 3908 79 179 179
fre 3956 3932 79 179 179
fre 3196 3948 124 179 179
fre 3180 3948 124 179 179
trop 3204 3940 215 179 179
fre 3380 3940 79 179 179
fre 3412 3956 77 179 179
fre 3524 3940 79 179 179
fre 3612 3940 79 179 179
fre 3700 3956 79 179 179
fre 3948 3948 79 179 179
fre 3268 3980 124 179 179
trop 3268 3972 215 179 179
fre 3380 3996 77 179 179
fre 3388 3980 77 179 179
fre 3404 3972 77 179 179
